9
501
53
798
818
311
384
444
367
954
887
325
212
769
189
331
784
921
877
197
764
329
164
152
41
714
78
604
898
818
695
907
671
100
58
841
763
794
285
482
100
172
159
312
941
348
995
78
269
872
275
386
554
439
890
947
153
968
551
51
139
598
311
162
699
721
4
814
515
289
297
967
814
808
279
107
509
626
185
778
851
460
516
405
251
406
352
404
375
903
808
866
501
119
28
552
192
32
367
707
674
16
26
840
824
657
947
333
283
485
464
134
297
980
539
549
387
243
953
114
146
113
980
0
232
360
552
424
745
271
483
419
287
861
259
112
518
558
797
154
43
261
288
693
594
180
242
333
775
547
447
922
661
779
274
245
491
826
22
236
450
857
655
737
719
266
201
237
825
999
391
220
612
32
913
206
564
507
539
339
407
338
613
68
469
887
665
961
66
687
197
516
545
205
605
616
823
807
853
0
806
597
221
770
981
486
977
897
346
868
588
753
207
554
173
676
441
838
989
859
878
539
727
775
744
333
391
567
140
596
568
298
545
141
68
878
979
397
775
325
266
716
430
825
270
603
853
63
794
843
275
672
382
2
447
478
335
190
45
827
786
965
125
684
458
546
562
790
295
690
467
561
406
898
386
28
501
240
443
295
435
718
319
817
721
118
295
56
308
692
236
447
10
361
483
820
259
45
610
555
87
78
468
845
328
207
873
181
799
317
477
234
35
148
403
108
267
50
165
927
94
753
726
104
114
209
277
726
607
239
633
694
669
101
540
997
660
765
179
459
434
8
45
470
156
448
578
775
498
95
55
593
848
133
49
315
343
678
393
302
918
26
996
587
479
888
585
140
654
116
951
88
124
997
910
632
797
841
760
648
288
167
593
489
300
642
804
995
321
549
297
591
927
646
178
406
534
115
898
540
231
850
981
707
199
891
692
996
84
452
996
373
619
589
862
271
584
18
267
905
567
916
848
494
562
26
252
449
494
151
989
77
353
970
785
904
214
477
252
298
281
249
23
252
838
885
523
422
903
142
679
822
59
527
316
973
906
569
774
400
72
764
477
777
86
614
681
652
91
933
303
372
182
326
624
373
212
500
795
115
642
475
290
53
354
606
379
260
527
153
660
951
269
490
728
356
104
761
360
548
695
663
920
229
990
897
602
202
749
398
669
743
225
959
797
579
918
176
192
445
329
852
749
599
694
477
307
799
239
667
699
286
683
971
515
673
868
470
227
969
868
248
713
445
560
510
376
478
38
568
275
719
421
24
670
467
854
329
618
445
349
317
731
32
289
246
57
509
716
284
479
936
884
192
733
444
54
110
274
444
678
902
163
451
278
186
919
132
515
537
577
864
207
660
248
496
259
305
5
975
941
836
264
178
380
997
622
434
459
249
230
138
503
394
589
781
932
508
266
447
398
195
664
605
856
912
453
115
570
458
442
863
647
706
41
27
56
16
814
515
265
44
5
768
790
595
901
722
455
167
522
205
363
186
810
219
450
263
334
20
74
128
236
73
835
277
100
243
645
266
110
262
311
116
30
453
63
284
176
518
451
698
724
166
236
886
385
686
502
71
59
928
200
295
1
387
924
453
982
570
72
92
832
735
560
215
188
623
499
716
494
302
766
218
469
2
456
206
689
310
630
748
238
182
395
591
569
319
397
903
889
469
347
74
204
908
289
744
883
788
461
377
90
227
947
911
230
404
118
271
714
748
371
305
282
766
896
851
437
293
106
679
114
453
753
318
361
42
415
245
182
876
622
272
455
922
536
685
326
654
308
392
754
679
697
36
797
946
239
587
591
345
266
706
798
371
376
512
413
791
757
947
19
731
219
475
5
107
512
331
113
821
76
867
852
125
255
2
423
846
941
15
543
559
73
694
930
801
206
695
593
315
642
964
46
213
439
52
321
952
735
434
125
163
654
329
641
261
683
64
460
976
431
3
535
504
697
465
306
903
512
251
218
154
215
617
720
7
21
41
311
108
827
436
624
481
117
265
95
153
681
555
129
113
558
665
969
608
482
275
511
995
878
82
501
94
51
221
101
72
262
764
532
442
200
156
275
669
773
370
174
455
277
304
568
836
321
537
444
803
165
307
150
395
741
652
841
792
225
942
864
488
58
749
282
610
257
557
280
31
280
454
486
557
110
406
745
431
295
541
587
812
849
89
208
590
741
49
383
967
344
599
807
402
700
441
13
958
998
645
989
278
451
827
836
562
585
933
345
232
475
284
397
676
374
605
266
467
6
1
434
702
953
593
105
653
34
470
963
385
